Property Package: Peng-Robinson
Binary equilibrium plot
TXY Plot: Pressure: 101.324996582814 kPa
9/3/2023 9:57:54 PM
Components: Benzene, Toluene


Data table:
x Benzene (mole)   Bubble Point T (C)   Dew Point T (C)    Encountered errors
0                  110.301965332031     110.303968048096   
0.02               109.391410736584     109.892036796848   
0.04               108.497403646958     109.475768066122   
0.06               107.621680127298     109.054999550555   
0.08               106.764020799761     108.629616445227   
0.1                105.923719331464     108.199499366338   
0.12               105.10010163242      107.764524102041   
0.14               104.2933547628       107.324561346149   
0.16               103.502185320574     106.879476415244   
0.18               102.726526161947     106.42912893719    
0.2                101.965720349434     105.973372532568   
0.22               101.219658453593     105.512054459435   
0.24               100.488200658226     105.045015238138   
0.26               99.7704357519824     104.572088247017   
0.28               99.0658961256071     104.092946699804   
0.3                98.3744380531148     103.607713529151   
0.32               97.695915786928      103.116045355014   
0.34               97.0293310106659     102.617742292316   
0.36               96.3750003569564     102.112594775867   
0.38               95.7325406892247     101.600382925792   
0.4                95.101078824467      101.080875861078   
0.42               94.4806298105673     100.553830956274   
0.44               93.8711638079324     100.018993035803   
0.46               93.2719937361064     99.4760934998191   
0.48               92.6828377571409     98.9248493748508   
0.5                92.1037236300937     98.3649622817757   
0.52               91.5342182383677     97.796117312887    
0.54               90.9740615869145     97.2179818089621   
0.56               90.4230013947031     96.6301089280106   
0.58               89.8807928177064     96.0322516905815   
0.6                89.3471981780585     95.4241471591723   
0.62               88.821986699602      94.8049780785048   
0.64               88.3046283124921     94.1746625971164   
0.66               87.7955077122249     93.5327737713849   
0.68               87.2941296206299     92.8785000491885   
0.7                86.8002752978736     92.2111977824396   
0.72               86.3137403525822     91.530956908434    
0.74               85.8343338463542     90.8365008597463   
0.76               85.3618736107053     90.1274774685047   
0.78               84.8961630387876     89.4033325188749   
0.8                84.437032166963      88.6632869050636   
0.82               83.9843040375554     87.9059767851187   
0.84               83.5377841589692     87.1308023827522   
0.86               83.0973555808192     86.3376052686759   
0.88               82.6628237019009     85.5248177712613   
0.9                82.2340319447428     84.691025468675    
0.92               81.8107610265778     83.8354896611285   
0.94               81.3930515797952     82.9572886202129   
0.96               80.9804897968947     82.0545123372983   
0.98               80.573290257399      81.1261935891456   
1                  80.1709686279297     80.1725708007813   
